-4 1
 C                 -1.37513200    3.17229400   -0.41177200
 C                 -0.22199900    2.30671700    0.13332100
 H                 -1.00614900    4.18142400   -0.63607500
 H                 -2.14714100    3.25847200    0.37174900
 C                  0.83872600    2.08918700   -1.00762500
 H                 -0.59324500    1.34042800    0.48462000
 H                  0.24408800    2.83324700    0.97414000
 C                  1.82437000    1.14792200   -0.50765700
 H                  1.23830600    3.04392600   -1.34525800
 H                  0.26960000    1.59349500   -1.80578700
 C                  3.19607600    1.33013200   -0.21594400
 H                  1.41096600    0.14994800   -0.37068000
 C                  4.03620000    0.15074400   -0.11795300
 C                  3.89988700    2.56618600   -0.07947600
 C                  5.41571700    0.13042000    0.08567100
 O                  3.38733100   -1.07304300   -0.20859200
 C                  5.28743100    2.56360600    0.10873100
 C                  3.44411700    3.97458400    0.04749200
 C                  6.03051000    1.38816700    0.20488400
 H                  6.12909500   -1.25654400    0.23438100
 C                  3.13780300   -1.61670900   -1.46077500
 C                  5.76695900    3.95673700    0.28129200
 N                  4.62103800    4.74833000    0.22057600
 O                  2.33948800    4.49163100    0.05336300
 H                  7.09924900    1.47447500    0.40611900
 C                  2.31640300   -2.86022700   -1.32212500
 O                  3.51810700   -1.08397700   -2.47510600
 O                  6.90402900    4.38144800    0.45166200
 C                  4.59508800    6.17920800    0.39524200
 H                  2.75473700   -3.50717400   -0.55983100
 H                  1.29469800   -2.58533900   -1.02793300
 H                  2.29254900   -3.37449200   -2.28437900
 H                  5.59969200    6.49246700    0.68949100
 H                  3.86730700    6.45149600    1.16633100
 H                  4.30928500    6.68687900   -0.53436100
 C                  6.61825000   -2.38474300    0.67728000
 C                  5.64950600   -2.58001200    1.83672300
 H                  5.96713000   -3.37437900    2.53383200
 H                  5.55129400   -1.64226600    2.39783400
 H                  4.66479500   -2.83359800    1.44028900
 C                  6.47949600   -3.40398900   -0.38754700
 N                  7.96578100   -2.12407400    1.16938200
 H                  8.24637800   -2.54112000    2.05268700
 C                  8.99376200   -1.48510500    0.55186600
 C                  8.72219600   -0.89872200   -0.82238200
 H                  7.72250200   -0.47131600   -0.91538100
 H                  9.48398000   -0.14228400   -1.02649700
 H                  8.80059300   -1.70411800   -1.56246200
 O                 10.12628000   -1.45436900    1.05735700
 N                  7.62771600   -3.99492900   -0.98174100
 H                  7.27225100   -4.62103700   -1.69705900
 C                  8.71430500   -4.59269200   -0.20287600
 H                  9.16341100   -5.39395300   -0.80284400
 H                  9.50169400   -3.87211600    0.03398100
 H                  8.37018800   -5.04002200    0.74266000
 O                  5.38480300   -3.68057900   -0.88532700
 O                 -1.94165100    2.72625900   -1.61420200
 C                 -2.59779000    1.44431100   -1.65761400
 C                 -3.54261900    1.04614200   -0.50750300
 H                 -1.83065300    0.67685300   -1.76401200
 H                 -3.19349600    1.48533400   -2.57355600
 C                 -3.86097700   -0.47668900   -0.62340600
 O                 -4.83643100    1.66560300   -0.63554900
 H                 -3.12363600    1.26033400    0.47634600
 O                 -2.72308600   -1.29879800   -1.00926400
 C                 -4.66962000   -1.09549300    0.55387900
 H                 -4.48989300   -0.59156500   -1.51057200
 S                 -5.01415800    3.32055500   -0.37893400
 S                 -1.26559000   -1.41044400   -0.18797800
 C                 -6.16801700   -1.22337700    0.20802800
 O                 -4.51034500   -0.29901400    1.73620300
 H                 -4.26015200   -2.09581900    0.72299600
 O                 -6.45602600    3.42959800   -0.08994900
 O                 -4.60385600    3.96446800   -1.65251400
 O                 -4.12798700    3.65497800    0.77171300
 O                 -0.29057900   -0.82498200   -1.17716200
 O                 -1.05680300   -2.85972700   -0.01123100
 O                 -1.38818400   -0.59841500    1.04090700
 O                 -6.27309300   -2.09970500   -0.93336400
 H                 -6.58782400   -0.23940100   -0.02545500
 H                 -6.69313500   -1.65129000    1.06676300
 S                 -4.73093300   -1.03225200    3.23690700
 S                 -7.81944400   -2.61289900   -1.35466400
 O                 -4.02586000   -0.09209300    4.13494900
 O                 -4.11884300   -2.37906000    3.13322000
 O                 -6.20149900   -1.07062100    3.45707100
 O                 -8.60328300   -1.37827900   -1.60965800
 O                 -7.53309800   -3.41947900   -2.56511700
 O                 -8.31093000   -3.40274300   -0.19608700

